fieldplot.1
3.6
4.457
5.467
6.567
7.57

fieldplot.2
9.67
10.567
11.567

fieldplot.3
12.567
13.567
14.567

fieldplot.4
15.567
16.567
17.4567
18.5

fieldplot.5
18.7
19.4567
20.567
21.7

fieldplot.6
7.3
8.3
9.34
10.2
11.3
12.24
13.4

fieldplot.7
14.4
15.134
16.2
17.3
18.2
21.1

fieldplot.8
20.3
21.35
22.257
23.46

fieldplot.9
48.457
1.567
2.4567

fieldplot.10
47.1
48.23
1.1
2.23
3.1
4.2
5.1
6.2

fieldplot.11
24.235
25.14
26.23
27.34

fieldplot.12
24.6
25.6
26.6
27.7
28.467
29.5

fieldplot.13
44.57
45.46
46.45
47.47

fieldplot.14
35.1
36.2
39.1
40.2
41.1
42.23
44.3
45.1
46.2

fieldplot.15
29.1
30.234
31.4
32.23
33.1

fieldplot.16
40.457
41.46
42.57
43.6

fieldplot.17
34.4
35.345
36.46
37.356
38.456

fieldplot.18
29.7
30.67
31.56
32.567
33.567
34.7

