disc.3
1.1000000
2.0100000
3.0000000
4.0110000
5.1000001
6.0000001
7.0000010
8.0000010
9.0000000
10.0100000
11.0000000
12.0100000
13.0000000
14.0000000
15.1000000
16.0000000
17.0000000
18.0000000
19.0000000
20.0100000
21.0010000
22.0100000
23.0000000
24.0100000
25.0000010
26.1000110
27.0000100
28.0000000
29.0000000
30.0010000
31.0000010
32.0001110
33.0000010
34.0000000
35.0100000
36.0000000
37.1000001
38.0000001
39.0000011
40.0000000
41.0010000
42.0100000
43.0000000
44.0100000
45.1000000
46.0000001
47.0100111
48.0000001
