disc.2
1.1000011
2.0000000
3.0000000
4.0100000
5.0001000
6.0000111
7.0000000
8.0010000
9.1000000
10.0100000
11.1000000
12.0000100
13.0100111
14.0000001
15.0000000
16.0010000
17.1000000
18.0100001
19.0000111
20.0100100
21.1000000
22.0100000
23.0000000
24.0000000
25.1000000
26.0100011
27.0000100
28.0000110
29.1000000
30.0110000
31.0010000
32.0000000
33.0000000
34.0000111
35.0000001
36.0000000
37.1000000
38.0010000
39.0010000
40.0011000
41.0100100
42.0000100
43.0000110
44.0000001
45.0000011
46.0001001
47.0010000
48.0000011
