dots
2.8
2.5
3.3
3.6
3.9
4.3
4.10
2.2
2.7
4.6
5.1
1.12
2.4
3.2
3.5
3.8
4.2
4.5
4.9
2.1
2.6
3.1
3.4
3.7
4.1
5.5
1.10
1.11
2.3
4.4
5.4
1.9
4.8
6.8
6.9
7.4
4.11
5.3
5.8
1.7
1.8
6.4
7.1
4.7
5.7
1.6
6.2
6.6
7.3
6.3
6.8
7.6
5.2
5.6
5.9
1.4
1.5
6.1
6.5
7.5
1.3
7.2
1.2
7.7
10.10
8.3
8.6
1.1
8.1
8.2
10.8
10.9
7.8
8.5
8.8
8.4
8.7
10.7
9.10
9.9
9.8
9.7
10.6
10.5
11.1
11.2
11.3
10.4
11.4
11.5
12.1
9.6
9.5
9.4
11.6
11.7
10.2
10.1
10.3
12.2
9.3
9.2
9.1
11.8
11.9
15.1
12.3
13.7
14.10
13.8
13.5
14.9
15.2
12.4
13.3
14.6
14.5
14.1
15.8
15.6
15.3
12.5
13.6
14.3
15.4
12.6
13.4
13.1
14.8
14.7
14.4
15.7
12.8
12.7
14.2
15.5
16.4
17.2
13.2
16.8
16.6
16.1
17.7
18.6
18.2
18.1
17.10
17.5
17.3
17.1
18.9
18.4
18.3
16.2
17.11
17.8
18.7
16.5
17.4
18.10
16.7
18.12
18.5
16.3
17.12
17.9
17.6
18.11
18.8
stod
