disc.1
1.0001111
2.0101000
3.0100000
4.0000110
5.1011011
6.0001000
7.1001000
8.0000111
9.0000100
10.0000100
11.0000000
12.0000100
13.0000010
14.0110011
15.0110000
16.0010000
17.1010100
18.0100100
19.1000110
20.0000000
21.1000000
22.0000000
23.0000111
24.0000001
25.0000001
26.0100000
27.0000000
28.0000000
29.1000000
30.0000001
31.0000011
32.0010010
33.0010000
34.0101110
35.0000001
36.0100001
37.0000000
38.0000000
39.1001000
40.0011000
41.0000010
42.0001110
43.0000000
44.0111110
45.0010011
46.0010000
47.0010000
48.1000000
