1.0111000
2.1000000
3.0111101
4.1010010
5.0110100
6.1011000
7.1101010
8.1101111
9.1100100
10.1011000
11.1101000
12.1010000
13.1110000
14.1110000
15.0100000
16.1011000
17.1100000
18.1011010
19.1110000
20.1101000
21.0101010
22.1011010
23.1110101
24.1001001
25.0110101
26.1001101
27.1100110
28.1110100
29.0111010
30.1000100
31.1110001
32.1001000
33.0111000
34.1110110
35.0100011
36.1010101
37.1101001
38.1110001
39.0111111
40.1010010
41.0110101
42.1001010
43.1111101
44.1101010
45.0110101
46.1010011
47.0110110
48.1000010
